//Love and Death
dimwishlist:item=3690523502&perks=1478423395,3301904089,2869569095,2888557110
dimwishlist:item=3690523502&perks=1441682018,3301904089,2869569095,2888557110
dimwishlist:item=3690523502&perks=3525010810,3301904089,2869569095,2888557110

//Temporal Clause
dimwishlist:item=3369545945&perks=839105230,1087426260,706527188,3708227201
dimwishlist:item=3369545945&perks=839105230,1087426260,706527188,3425386926
dimwishlist:item=3369545945&perks=839105230,1087426260,3300816228,3708227201
dimwishlist:item=3369545945&perks=839105230,1087426260,3300816228,3425386926
dimwishlist:item=3369545945&perks=839105230,1561002382,706527188,3708227201
dimwishlist:item=3369545945&perks=839105230,1561002382,706527188,3425386926
dimwishlist:item=3369545945&perks=839105230,1561002382,3300816228,3708227201
dimwishlist:item=3369545945&perks=839105230,1561002382,3300816228,3425386926
dimwishlist:item=3369545945&perks=839105230,3230963543,706527188,3708227201
dimwishlist:item=3369545945&perks=839105230,3230963543,706527188,3425386926
dimwishlist:item=3369545945&perks=839105230,3230963543,3300816228,3708227201
dimwishlist:item=3369545945&perks=839105230,3230963543,3300816228,3425386926
dimwishlist:item=3369545945&perks=1840239774,1087426260,706527188,3708227201
dimwishlist:item=3369545945&perks=1840239774,1087426260,706527188,3425386926
dimwishlist:item=3369545945&perks=1840239774,1087426260,3300816228,3708227201
dimwishlist:item=3369545945&perks=1840239774,1087426260,3300816228,3425386926
dimwishlist:item=3369545945&perks=1840239774,1561002382,706527188,3708227201
dimwishlist:item=3369545945&perks=1840239774,1561002382,706527188,3425386926
dimwishlist:item=3369545945&perks=1840239774,1561002382,3300816228,3708227201
dimwishlist:item=3369545945&perks=1840239774,1561002382,3300816228,3425386926
dimwishlist:item=3369545945&perks=1840239774,3230963543,706527188,3708227201
dimwishlist:item=3369545945&perks=1840239774,3230963543,706527188,3425386926
dimwishlist:item=3369545945&perks=1840239774,3230963543,3300816228,3708227201
dimwishlist:item=3369545945&perks=1840239774,3230963543,3300816228,3425386926
