//Erentil FR4
dimwishlist:item=3027844941&perks=1628165637,1687452232,280464955,1600092898
dimwishlist:item=3027844941&perks=1628165637,1687452232,280464955,3425386926
dimwishlist:item=3027844941&perks=1628165637,1687452232,280464955,2846385770
dimwishlist:item=3027844941&perks=1628165637,1687452232,280464955,1890422124
dimwishlist:item=3027844941&perks=1628165637,1687452232,957782887,1600092898
dimwishlist:item=3027844941&perks=1628165637,1687452232,957782887,3425386926
dimwishlist:item=3027844941&perks=1628165637,1687452232,957782887,2846385770
dimwishlist:item=3027844941&perks=1628165637,1687452232,957782887,1890422124
dimwishlist:item=3027844941&perks=1628165637,1687452232,588594999,1600092898
dimwishlist:item=3027844941&perks=1628165637,1687452232,588594999,3425386926
dimwishlist:item=3027844941&perks=1628165637,1687452232,588594999,2846385770
dimwishlist:item=3027844941&perks=1628165637,1687452232,588594999,1890422124
dimwishlist:item=3027844941&perks=1628165637,3868766766,280464955,1600092898
dimwishlist:item=3027844941&perks=1628165637,3868766766,280464955,3425386926
dimwishlist:item=3027844941&perks=1628165637,3868766766,280464955,2846385770
dimwishlist:item=3027844941&perks=1628165637,3868766766,280464955,1890422124
dimwishlist:item=3027844941&perks=1628165637,3868766766,957782887,1600092898
dimwishlist:item=3027844941&perks=1628165637,3868766766,957782887,3425386926
dimwishlist:item=3027844941&perks=1628165637,3868766766,957782887,2846385770
dimwishlist:item=3027844941&perks=1628165637,3868766766,957782887,1890422124
dimwishlist:item=3027844941&perks=1628165637,3868766766,588594999,1600092898
dimwishlist:item=3027844941&perks=1628165637,3868766766,588594999,3425386926
dimwishlist:item=3027844941&perks=1628165637,3868766766,588594999,2846385770
dimwishlist:item=3027844941&perks=1628165637,3868766766,588594999,1890422124
dimwishlist:item=3027844941&perks=1628165637,2969185026,280464955,1600092898
dimwishlist:item=3027844941&perks=1628165637,2969185026,280464955,3425386926
dimwishlist:item=3027844941&perks=1628165637,2969185026,280464955,2846385770
dimwishlist:item=3027844941&perks=1628165637,2969185026,280464955,1890422124
dimwishlist:item=3027844941&perks=1628165637,2969185026,957782887,1600092898
dimwishlist:item=3027844941&perks=1628165637,2969185026,957782887,3425386926
dimwishlist:item=3027844941&perks=1628165637,2969185026,957782887,2846385770
dimwishlist:item=3027844941&perks=1628165637,2969185026,957782887,1890422124
dimwishlist:item=3027844941&perks=1628165637,2969185026,588594999,1600092898
dimwishlist:item=3027844941&perks=1628165637,2969185026,588594999,3425386926
dimwishlist:item=3027844941&perks=1628165637,2969185026,588594999,2846385770
dimwishlist:item=3027844941&perks=1628165637,2969185026,588594999,1890422124
dimwishlist:item=3027844941&perks=1628165636,1687452232,280464955,1600092898
dimwishlist:item=3027844941&perks=1628165636,1687452232,280464955,3425386926
dimwishlist:item=3027844941&perks=1628165636,1687452232,280464955,2846385770
dimwishlist:item=3027844941&perks=1628165636,1687452232,280464955,1890422124
dimwishlist:item=3027844941&perks=1628165636,1687452232,957782887,1600092898
dimwishlist:item=3027844941&perks=1628165636,1687452232,957782887,3425386926
dimwishlist:item=3027844941&perks=1628165636,1687452232,957782887,2846385770
dimwishlist:item=3027844941&perks=1628165636,1687452232,957782887,1890422124
dimwishlist:item=3027844941&perks=1628165636,1687452232,588594999,1600092898
dimwishlist:item=3027844941&perks=1628165636,1687452232,588594999,3425386926
dimwishlist:item=3027844941&perks=1628165636,1687452232,588594999,2846385770
dimwishlist:item=3027844941&perks=1628165636,1687452232,588594999,1890422124
dimwishlist:item=3027844941&perks=1628165636,3868766766,280464955,1600092898
dimwishlist:item=3027844941&perks=1628165636,3868766766,280464955,3425386926
dimwishlist:item=3027844941&perks=1628165636,3868766766,280464955,2846385770
dimwishlist:item=3027844941&perks=1628165636,3868766766,280464955,1890422124
dimwishlist:item=3027844941&perks=1628165636,3868766766,957782887,1600092898
dimwishlist:item=3027844941&perks=1628165636,3868766766,957782887,3425386926
dimwishlist:item=3027844941&perks=1628165636,3868766766,957782887,2846385770
dimwishlist:item=3027844941&perks=1628165636,3868766766,957782887,1890422124
dimwishlist:item=3027844941&perks=1628165636,3868766766,588594999,1600092898
dimwishlist:item=3027844941&perks=1628165636,3868766766,588594999,3425386926
dimwishlist:item=3027844941&perks=1628165636,3868766766,588594999,2846385770
dimwishlist:item=3027844941&perks=1628165636,3868766766,588594999,1890422124
dimwishlist:item=3027844941&perks=1628165636,2969185026,280464955,1600092898
dimwishlist:item=3027844941&perks=1628165636,2969185026,280464955,3425386926
dimwishlist:item=3027844941&perks=1628165636,2969185026,280464955,2846385770
dimwishlist:item=3027844941&perks=1628165636,2969185026,280464955,1890422124
dimwishlist:item=3027844941&perks=1628165636,2969185026,957782887,1600092898
dimwishlist:item=3027844941&perks=1628165636,2969185026,957782887,3425386926
dimwishlist:item=3027844941&perks=1628165636,2969185026,957782887,2846385770
dimwishlist:item=3027844941&perks=1628165636,2969185026,957782887,1890422124
dimwishlist:item=3027844941&perks=1628165636,2969185026,588594999,1600092898
dimwishlist:item=3027844941&perks=1628165636,2969185026,588594999,3425386926
dimwishlist:item=3027844941&perks=1628165636,2969185026,588594999,2846385770
dimwishlist:item=3027844941&perks=1628165636,2969185026,588594999,1890422124


//Subtle Calamity

dimwishlist:item=3410721600&perks=2801223209,588594999,201365942
dimwishlist:item=3410721600&perks=2801223209,706527188,201365942
dimwishlist:item=3410721600&perks=852209214,588594999,201365942
dimwishlist:item=3410721600&perks=852209214,706527188,201365942
